SNN: 266.4650845527649 seconds
CNN: 169.47531390190125 seconds
NS-CNN: 1999.1593563556671 seconds
NS-SNN: 10633.750757217407 seconds
NS-SNN: 20351.50668311119 seconds
NS-SNN: 19837.249046087265 seconds
NS-SNN: 18101.16002559662 seconds
